(kicad_pcb (version 20171130) (host pcbnew "(5.0.1-3-g963ef8bb5)")

  (general
    (thickness 1.6)
    (drawings 15)
    (tracks 0)
    (zones 0)
    (modules 367)
    (nets 210)
  )

  (page A3)
  (layers
    (0 F.Cu signal)
    (31 B.Cu signal)
    (32 B.Adhes user)
    (33 F.Adhes user)
    (34 B.Paste user)
    (35 F.Paste user)
    (36 B.SilkS user)
    (37 F.SilkS user)
    (38 B.Mask user)
    (39 F.Mask user)
    (40 Dwgs.User user)
    (41 Cmts.User user)
    (42 Eco1.User user)
    (43 Eco2.User user)
    (44 Edge.Cuts user)
    (45 Margin user)
    (46 B.CrtYd user)
    (47 F.CrtYd user)
    (48 B.Fab user)
    (49 F.Fab user)
  )

  (setup
    (last_trace_width 0.25)
    (trace_clearance 0.2)
    (zone_clearance 0.508)
    (zone_45_only no)
    (trace_min 0.2)
    (segment_width 0.2)
    (edge_width 0.15)
    (via_size 0.8)
    (via_drill 0.4)
    (via_min_size 0.4)
    (via_min_drill 0.3)
    (uvia_size 0.3)
    (uvia_drill 0.1)
    (uvias_allowed no)
    (uvia_min_size 0.2)
    (uvia_min_drill 0.1)
    (pcb_text_width 0.3)
    (pcb_text_size 1.5 1.5)
    (mod_edge_width 0.15)
    (mod_text_size 1 1)
    (mod_text_width 0.15)
    (pad_size 1.524 1.524)
    (pad_drill 0.762)
    (pad_to_mask_clearance 0.2)
    (solder_mask_min_width 0.25)
    (aux_axis_origin 0 0)
    (visible_elements FFFFF77F)
    (pcbplotparams
      (layerselection 0x010fc_ffffffff)
      (usegerberextensions false)
      (usegerberattributes false)
      (usegerberadvancedattributes false)
      (creategerberjobfile false)
      (excludeedgelayer true)
      (linewidth 0.100000)
      (plotframeref false)
      (viasonmask false)
      (mode 1)
      (useauxorigin false)
      (hpglpennumber 1)
      (hpglpenspeed 20)
      (hpglpendiameter 15.000000)
      (psnegative false)
      (psa4output false)
      (plotreference true)
      (plotvalue true)
      (plotinvisibletext false)
      (padsonsilk false)
      (subtractmaskfromsilk false)
      (outputformat 1)
      (mirror false)
      (drillshape 1)
      (scaleselection 1)
      (outputdirectory ""))
  )

  (net 0 "")
  (net 1 GND)
  (net 2 +5V)
  (net 3 "/TM1638 Module/GRID1")
  (net 4 "Net-(D1-Pad2)")
  (net 5 "/TM1638 Module/GRID2")
  (net 6 "/TM1638 Module/GRID3")
  (net 7 "/TM1638 Module/GRID4")
  (net 8 "/TM1638 Module/GRID5")
  (net 9 "/TM1638 Module/GRID6")
  (net 10 "/TM1638 Module/GRID7")
  (net 11 "/TM1638 Module/GRID8")
  (net 12 /sheet5C6557AC/GRID1)
  (net 13 /sheet5C6557AC/GRID2)
  (net 14 /sheet5C6557AC/GRID3)
  (net 15 /sheet5C6557AC/GRID4)
  (net 16 /sheet5C6557AC/GRID5)
  (net 17 /sheet5C6557AC/GRID6)
  (net 18 /sheet5C6557AC/GRID7)
  (net 19 /sheet5C6557AC/GRID8)
  (net 20 /sheet5C6559D3/GRID1)
  (net 21 /sheet5C6559D3/GRID2)
  (net 22 /sheet5C6559D3/GRID3)
  (net 23 /sheet5C6559D3/GRID4)
  (net 24 /sheet5C6559D3/GRID5)
  (net 25 /sheet5C6559D3/GRID6)
  (net 26 /sheet5C6559D3/GRID7)
  (net 27 /sheet5C6559D3/GRID8)
  (net 28 "Net-(D33-Pad1)")
  (net 29 "/TM1638 Module/SEG1")
  (net 30 "/TM1638 Module/SEG2")
  (net 31 "Net-(D34-Pad1)")
  (net 32 "/TM1638 Module/SEG3")
  (net 33 "Net-(D35-Pad1)")
  (net 34 "Net-(D36-Pad1)")
  (net 35 "/TM1638 Module/SEG4")
  (net 36 "/TM1638 Module/SEG5")
  (net 37 "Net-(D37-Pad1)")
  (net 38 "Net-(D38-Pad1)")
  (net 39 "/TM1638 Module/SEG6")
  (net 40 "/TM1638 Module/SEG7")
  (net 41 "Net-(D39-Pad1)")
  (net 42 "Net-(D40-Pad1)")
  (net 43 "/TM1638 Module/SEG8")
  (net 44 /sheet5C6557AC/SEG1)
  (net 45 "Net-(D66-Pad1)")
  (net 46 /sheet5C6557AC/SEG2)
  (net 47 "Net-(D67-Pad1)")
  (net 48 /sheet5C6557AC/SEG3)
  (net 49 /sheet5C6557AC/SEG4)
  (net 50 "Net-(D68-Pad1)")
  (net 51 /sheet5C6557AC/SEG5)
  (net 52 "Net-(D69-Pad1)")
  (net 53 /sheet5C6557AC/SEG6)
  (net 54 "Net-(D70-Pad1)")
  (net 55 "Net-(D71-Pad1)")
  (net 56 /sheet5C6557AC/SEG7)
  (net 57 /sheet5C6557AC/SEG8)
  (net 58 "Net-(D72-Pad1)")
  (net 59 "Net-(D73-Pad1)")
  (net 60 "Net-(D74-Pad1)")
  (net 61 "Net-(D75-Pad1)")
  (net 62 "Net-(D76-Pad1)")
  (net 63 "Net-(D77-Pad1)")
  (net 64 "Net-(D78-Pad1)")
  (net 65 "Net-(D79-Pad1)")
  (net 66 "Net-(D80-Pad1)")
  (net 67 /sheet5C6559D3/SEG1)
  (net 68 /sheet5C6559D3/SEG2)
  (net 69 /sheet5C6559D3/SEG3)
  (net 70 /sheet5C6559D3/SEG4)
  (net 71 /sheet5C6559D3/SEG5)
  (net 72 /sheet5C6559D3/SEG6)
  (net 73 /sheet5C6559D3/SEG7)
  (net 74 /sheet5C6559D3/SEG8)
  (net 75 "Net-(D106-Pad1)")
  (net 76 "Net-(D107-Pad1)")
  (net 77 "Net-(D108-Pad1)")
  (net 78 "Net-(D109-Pad1)")
  (net 79 "Net-(D110-Pad1)")
  (net 80 "Net-(D111-Pad1)")
  (net 81 "Net-(D112-Pad1)")
  (net 82 "Net-(D113-Pad1)")
  (net 83 "Net-(D114-Pad1)")
  (net 84 "Net-(D115-Pad1)")
  (net 85 "Net-(D116-Pad1)")
  (net 86 "Net-(D117-Pad1)")
  (net 87 "Net-(D118-Pad1)")
  (net 88 "Net-(D119-Pad1)")
  (net 89 "Net-(D120-Pad1)")
  (net 90 "/TM1638 Module/K2")
  (net 91 "/TM1638 Module/K1")
  (net 92 "Net-(R25-Pad1)")
  (net 93 "Net-(R26-Pad1)")
  (net 94 "/TM1638 Module/K3")
  (net 95 /sheet5C6557AC/K1)
  (net 96 /sheet5C6557AC/K2)
  (net 97 /sheet5C6559D3/K1)
  (net 98 /sheet5C6557AC/K3)
  (net 99 /sheet5C6559D3/K2)
  (net 100 "Net-(R93-Pad1)")
  (net 101 "Net-(R94-Pad1)")
  (net 102 /sheet5C6559D3/K3)
  (net 103 "Net-(D26-Pad1)")
  (net 104 "Net-(D27-Pad1)")
  (net 105 "Net-(D28-Pad1)")
  (net 106 "Net-(D29-Pad1)")
  (net 107 "Net-(D30-Pad1)")
  (net 108 "Net-(D31-Pad1)")
  (net 109 "Net-(D32-Pad1)")
  (net 110 "Net-(D100-Pad2)")
  (net 111 "Net-(R59-Pad1)")
  (net 112 "Net-(R60-Pad1)")
  (net 113 "Net-(C1-Pad2)")
  (net 114 "Net-(C2-Pad2)")
  (net 115 "Net-(C3-Pad2)")
  (net 116 +3V3)
  (net 117 "Net-(C9-Pad2)")
  (net 118 "Net-(C10-Pad2)")
  (net 119 "Net-(D1-Pad1)")
  (net 120 "Net-(D10-Pad2)")
  (net 121 "Net-(D14-Pad1)")
  (net 122 "Net-(D15-Pad1)")
  (net 123 "Net-(D16-Pad1)")
  (net 124 "Net-(D17-Pad1)")
  (net 125 "Net-(D18-Pad2)")
  (net 126 "Net-(D41-Pad1)")
  (net 127 "Net-(D42-Pad1)")
  (net 128 "Net-(D43-Pad1)")
  (net 129 "Net-(D44-Pad1)")
  (net 130 "Net-(D45-Pad1)")
  (net 131 "Net-(D46-Pad2)")
  (net 132 "Net-(D54-Pad1)")
  (net 133 "Net-(D55-Pad1)")
  (net 134 "Net-(D56-Pad1)")
  (net 135 "Net-(D57-Pad1)")
  (net 136 "Net-(D58-Pad2)")
  (net 137 "Net-(D81-Pad1)")
  (net 138 "Net-(D82-Pad1)")
  (net 139 "Net-(D83-Pad1)")
  (net 140 "Net-(D84-Pad1)")
  (net 141 "Net-(D85-Pad1)")
  (net 142 "Net-(D86-Pad2)")
  (net 143 "Net-(D94-Pad1)")
  (net 144 "Net-(D95-Pad1)")
  (net 145 "Net-(D96-Pad1)")
  (net 146 "Net-(D97-Pad1)")
  (net 147 "Net-(D121-Pad1)")
  (net 148 "Net-(D122-Pad1)")
  (net 149 "Net-(D123-Pad1)")
  (net 150 "Net-(D124-Pad1)")
  (net 151 "Net-(D125-Pad1)")
  (net 152 "Net-(J3-Pad4)")
  (net 153 "Net-(J4-Pad4)")
  (net 154 /Sheet5CCE7B2F/low-side)
  (net 155 FRAM-SCK)
  (net 156 FRAM-SI)
  (net 157 /sheet5CD0BEEF/low-side)
  (net 158 /sheet5CD14929/low-side)
  (net 159 FRAM-SO)
  (net 160 FRAM-~CS)
  (net 161 /sheet5CD1D363/low-side)
  (net 162 footswitch)
  (net 163 "Net-(R5-Pad1)")
  (net 164 "Net-(R6-Pad1)")
  (net 165 "Net-(R7-Pad1)")
  (net 166 "Net-(R8-Pad2)")
  (net 167 "Net-(R9-Pad2)")
  (net 168 "Net-(R10-Pad2)")
  (net 169 "Net-(R11-Pad2)")
  (net 170 "Net-(R12-Pad2)")
  (net 171 "Net-(R13-Pad2)")
  (net 172 "Net-(R14-Pad2)")
  (net 173 "Net-(R15-Pad2)")
  (net 174 "Net-(R16-Pad2)")
  (net 175 "Net-(R35-Pad1)")
  (net 176 "Net-(R36-Pad1)")
  (net 177 "Net-(R37-Pad1)")
  (net 178 "Net-(R38-Pad1)")
  (net 179 "Net-(R39-Pad1)")
  (net 180 "Net-(R40-Pad1)")
  (net 181 "Net-(R41-Pad1)")
  (net 182 "Net-(R42-Pad1)")
  (net 183 "Net-(R69-Pad1)")
  (net 184 "Net-(R70-Pad1)")
  (net 185 "Net-(R71-Pad1)")
  (net 186 "Net-(R72-Pad1)")
  (net 187 "Net-(R73-Pad1)")
  (net 188 "Net-(R74-Pad1)")
  (net 189 "Net-(R75-Pad1)")
  (net 190 "Net-(R76-Pad1)")
  (net 191 "Net-(R103-Pad1)")
  (net 192 "Net-(R104-Pad1)")
  (net 193 "Net-(R105-Pad1)")
  (net 194 "Net-(R106-Pad1)")
  (net 195 "Net-(R107-Pad1)")
  (net 196 "Net-(R108-Pad1)")
  (net 197 "Net-(R109-Pad1)")
  (net 198 "Net-(R110-Pad1)")
  (net 199 "Net-(U2-Pad5)")
  (net 200 "Net-(U2-Pad2)")
  (net 201 MIDI-out)
  (net 202 MIDI-in)
  (net 203 "Net-(U2-Pad11)")
  (net 204 click-out)
  (net 205 tm1638-clk)
  (net 206 tm1638-dio-1)
  (net 207 tm1638-dio-2)
  (net 208 tm1638-dio-3)
  (net 209 tm1638-stb)

  (net_class Default "This is the default net class."
    (clearance 0.2)
    (trace_width 0.25)
    (via_dia 0.8)
    (via_drill 0.4)
    (uvia_dia 0.3)
    (uvia_drill 0.1)
    (add_net +3V3)
    (add_net +5V)
    (add_net /Sheet5CCE7B2F/low-side)
    (add_net "/TM1638 Module/GRID1")
    (add_net "/TM1638 Module/GRID2")
    (add_net "/TM1638 Module/GRID3")
    (add_net "/TM1638 Module/GRID4")
    (add_net "/TM1638 Module/GRID5")
    (add_net "/TM1638 Module/GRID6")
    (add_net "/TM1638 Module/GRID7")
    (add_net "/TM1638 Module/GRID8")
    (add_net "/TM1638 Module/K1")
    (add_net "/TM1638 Module/K2")
    (add_net "/TM1638 Module/K3")
    (add_net "/TM1638 Module/SEG1")
    (add_net "/TM1638 Module/SEG2")
    (add_net "/TM1638 Module/SEG3")
    (add_net "/TM1638 Module/SEG4")
    (add_net "/TM1638 Module/SEG5")
    (add_net "/TM1638 Module/SEG6")
    (add_net "/TM1638 Module/SEG7")
    (add_net "/TM1638 Module/SEG8")
    (add_net /sheet5C6557AC/GRID1)
    (add_net /sheet5C6557AC/GRID2)
    (add_net /sheet5C6557AC/GRID3)
    (add_net /sheet5C6557AC/GRID4)
    (add_net /sheet5C6557AC/GRID5)
    (add_net /sheet5C6557AC/GRID6)
    (add_net /sheet5C6557AC/GRID7)
    (add_net /sheet5C6557AC/GRID8)
    (add_net /sheet5C6557AC/K1)
    (add_net /sheet5C6557AC/K2)
    (add_net /sheet5C6557AC/K3)
    (add_net /sheet5C6557AC/SEG1)
    (add_net /sheet5C6557AC/SEG2)
    (add_net /sheet5C6557AC/SEG3)
    (add_net /sheet5C6557AC/SEG4)
    (add_net /sheet5C6557AC/SEG5)
    (add_net /sheet5C6557AC/SEG6)
    (add_net /sheet5C6557AC/SEG7)
    (add_net /sheet5C6557AC/SEG8)
    (add_net /sheet5C6559D3/GRID1)
    (add_net /sheet5C6559D3/GRID2)
    (add_net /sheet5C6559D3/GRID3)
    (add_net /sheet5C6559D3/GRID4)
    (add_net /sheet5C6559D3/GRID5)
    (add_net /sheet5C6559D3/GRID6)
    (add_net /sheet5C6559D3/GRID7)
    (add_net /sheet5C6559D3/GRID8)
    (add_net /sheet5C6559D3/K1)
    (add_net /sheet5C6559D3/K2)
    (add_net /sheet5C6559D3/K3)
    (add_net /sheet5C6559D3/SEG1)
    (add_net /sheet5C6559D3/SEG2)
    (add_net /sheet5C6559D3/SEG3)
    (add_net /sheet5C6559D3/SEG4)
    (add_net /sheet5C6559D3/SEG5)
    (add_net /sheet5C6559D3/SEG6)
    (add_net /sheet5C6559D3/SEG7)
    (add_net /sheet5C6559D3/SEG8)
    (add_net /sheet5CD0BEEF/low-side)
    (add_net /sheet5CD14929/low-side)
    (add_net /sheet5CD1D363/low-side)
    (add_net FRAM-SCK)
    (add_net FRAM-SI)
    (add_net FRAM-SO)
    (add_net FRAM-~CS)
    (add_net GND)
    (add_net MIDI-in)
    (add_net MIDI-out)
    (add_net "Net-(C1-Pad2)")
    (add_net "Net-(C10-Pad2)")
    (add_net "Net-(C2-Pad2)")
    (add_net "Net-(C3-Pad2)")
    (add_net "Net-(C9-Pad2)")
    (add_net "Net-(D1-Pad1)")
    (add_net "Net-(D1-Pad2)")
    (add_net "Net-(D10-Pad2)")
    (add_net "Net-(D100-Pad2)")
    (add_net "Net-(D106-Pad1)")
    (add_net "Net-(D107-Pad1)")
    (add_net "Net-(D108-Pad1)")
    (add_net "Net-(D109-Pad1)")
    (add_net "Net-(D110-Pad1)")
    (add_net "Net-(D111-Pad1)")
    (add_net "Net-(D112-Pad1)")
    (add_net "Net-(D113-Pad1)")
    (add_net "Net-(D114-Pad1)")
    (add_net "Net-(D115-Pad1)")
    (add_net "Net-(D116-Pad1)")
    (add_net "Net-(D117-Pad1)")
    (add_net "Net-(D118-Pad1)")
    (add_net "Net-(D119-Pad1)")
    (add_net "Net-(D120-Pad1)")
    (add_net "Net-(D121-Pad1)")
    (add_net "Net-(D122-Pad1)")
    (add_net "Net-(D123-Pad1)")
    (add_net "Net-(D124-Pad1)")
    (add_net "Net-(D125-Pad1)")
    (add_net "Net-(D14-Pad1)")
    (add_net "Net-(D15-Pad1)")
    (add_net "Net-(D16-Pad1)")
    (add_net "Net-(D17-Pad1)")
    (add_net "Net-(D18-Pad2)")
    (add_net "Net-(D26-Pad1)")
    (add_net "Net-(D27-Pad1)")
    (add_net "Net-(D28-Pad1)")
    (add_net "Net-(D29-Pad1)")
    (add_net "Net-(D30-Pad1)")
    (add_net "Net-(D31-Pad1)")
    (add_net "Net-(D32-Pad1)")
    (add_net "Net-(D33-Pad1)")
    (add_net "Net-(D34-Pad1)")
    (add_net "Net-(D35-Pad1)")
    (add_net "Net-(D36-Pad1)")
    (add_net "Net-(D37-Pad1)")
    (add_net "Net-(D38-Pad1)")
    (add_net "Net-(D39-Pad1)")
    (add_net "Net-(D40-Pad1)")
    (add_net "Net-(D41-Pad1)")
    (add_net "Net-(D42-Pad1)")
    (add_net "Net-(D43-Pad1)")
    (add_net "Net-(D44-Pad1)")
    (add_net "Net-(D45-Pad1)")
    (add_net "Net-(D46-Pad2)")
    (add_net "Net-(D54-Pad1)")
    (add_net "Net-(D55-Pad1)")
    (add_net "Net-(D56-Pad1)")
    (add_net "Net-(D57-Pad1)")
    (add_net "Net-(D58-Pad2)")
    (add_net "Net-(D66-Pad1)")
    (add_net "Net-(D67-Pad1)")
    (add_net "Net-(D68-Pad1)")
    (add_net "Net-(D69-Pad1)")
    (add_net "Net-(D70-Pad1)")
    (add_net "Net-(D71-Pad1)")
    (add_net "Net-(D72-Pad1)")
    (add_net "Net-(D73-Pad1)")
    (add_net "Net-(D74-Pad1)")
    (add_net "Net-(D75-Pad1)")
    (add_net "Net-(D76-Pad1)")
    (add_net "Net-(D77-Pad1)")
    (add_net "Net-(D78-Pad1)")
    (add_net "Net-(D79-Pad1)")
    (add_net "Net-(D80-Pad1)")
    (add_net "Net-(D81-Pad1)")
    (add_net "Net-(D82-Pad1)")
    (add_net "Net-(D83-Pad1)")
    (add_net "Net-(D84-Pad1)")
    (add_net "Net-(D85-Pad1)")
    (add_net "Net-(D86-Pad2)")
    (add_net "Net-(D94-Pad1)")
    (add_net "Net-(D95-Pad1)")
    (add_net "Net-(D96-Pad1)")
    (add_net "Net-(D97-Pad1)")
    (add_net "Net-(J3-Pad4)")
    (add_net "Net-(J4-Pad4)")
    (add_net "Net-(R10-Pad2)")
    (add_net "Net-(R103-Pad1)")
    (add_net "Net-(R104-Pad1)")
    (add_net "Net-(R105-Pad1)")
    (add_net "Net-(R106-Pad1)")
    (add_net "Net-(R107-Pad1)")
    (add_net "Net-(R108-Pad1)")
    (add_net "Net-(R109-Pad1)")
    (add_net "Net-(R11-Pad2)")
    (add_net "Net-(R110-Pad1)")
    (add_net "Net-(R12-Pad2)")
    (add_net "Net-(R13-Pad2)")
    (add_net "Net-(R14-Pad2)")
    (add_net "Net-(R15-Pad2)")
    (add_net "Net-(R16-Pad2)")
    (add_net "Net-(R25-Pad1)")
    (add_net "Net-(R26-Pad1)")
    (add_net "Net-(R35-Pad1)")
    (add_net "Net-(R36-Pad1)")
    (add_net "Net-(R37-Pad1)")
    (add_net "Net-(R38-Pad1)")
    (add_net "Net-(R39-Pad1)")
    (add_net "Net-(R40-Pad1)")
    (add_net "Net-(R41-Pad1)")
    (add_net "Net-(R42-Pad1)")
    (add_net "Net-(R5-Pad1)")
    (add_net "Net-(R59-Pad1)")
    (add_net "Net-(R6-Pad1)")
    (add_net "Net-(R60-Pad1)")
    (add_net "Net-(R69-Pad1)")
    (add_net "Net-(R7-Pad1)")
    (add_net "Net-(R70-Pad1)")
    (add_net "Net-(R71-Pad1)")
    (add_net "Net-(R72-Pad1)")
    (add_net "Net-(R73-Pad1)")
    (add_net "Net-(R74-Pad1)")
    (add_net "Net-(R75-Pad1)")
    (add_net "Net-(R76-Pad1)")
    (add_net "Net-(R8-Pad2)")
    (add_net "Net-(R9-Pad2)")
    (add_net "Net-(R93-Pad1)")
    (add_net "Net-(R94-Pad1)")
    (add_net "Net-(U2-Pad11)")
    (add_net "Net-(U2-Pad2)")
    (add_net "Net-(U2-Pad5)")
    (add_net click-out)
    (add_net footswitch)
    (add_net tm1638-clk)
    (add_net tm1638-dio-1)
    (add_net tm1638-dio-2)
    (add_net tm1638-dio-3)
    (add_net tm1638-stb)
  )

  (module Display_7Segment:CA56-12EWA (layer F.Cu) (tedit 5A02FE84) (tstamp 5C864FD1)
    (at 104.14 146.05 90)
    (descr "4 digit 7 segment green LED, http://www.kingbrightusa.com/images/catalog/SPEC/CA56-12EWA.pdf")
    (tags "4 digit 7 segment green LED")
    (path /5C65184E/5C651F7C)
    (fp_text reference U7 (at -0.4 -20.31 90) (layer F.SilkS)
      (effects (font (size 1 1) (thickness 0.15)))
    )
    (fp_text value CA56-12EWA (at 2.37 33.21 90) (layer F.Fab)
      (effects (font (size 1 1) (thickness 0.15)))
    )
    (fp_text user %R (at 8.128 6.604 90) (layer F.Fab)
      (effects (font (size 1 1) (thickness 0.15)))
    )
    (fp_line (start -1.88 1) (end -1.88 31.5) (layer F.Fab) (width 0.1))
    (fp_line (start -1.88 31.5) (end 17.12 31.5) (layer F.Fab) (width 0.1))
    (fp_line (start 17.12 -18.8) (end 17.12 31.5) (layer F.Fab) (width 0.1))
    (fp_line (start -1.88 -18.8) (end 17.12 -18.8) (layer F.Fab) (width 0.1))
    (fp_line (start -2.38 -1) (end -2.38 1) (layer F.SilkS) (width 0.12))
    (fp_line (start -2.13 31.75) (end -2.13 -19.05) (layer F.CrtYd) (width 0.05))
    (fp_line (start 17.37 31.75) (end -2.13 31.75) (layer F.CrtYd) (width 0.05))
    (fp_line (start 17.37 -19.05) (end 17.37 31.75) (layer F.CrtYd) (width 0.05))
    (fp_line (start -2.13 -19.05) (end 17.37 -19.05) (layer F.CrtYd) (width 0.05))
    (fp_line (start -1.88 -1) (end -1.88 -18.8) (layer F.Fab) (width 0.1))
    (fp_line (start -0.88 0) (end -1.88 -1) (layer F.Fab) (width 0.1))
    (fp_line (start -1.88 1) (end -0.88 0) (layer F.Fab) (width 0.1))
    (fp_line (start 17.24 31.62) (end 17.24 -18.92) (layer F.SilkS) (width 0.12))
    (fp_line (start -2 31.62) (end 17.24 31.62) (layer F.SilkS) (width 0.12))
    (fp_line (start -2 -18.92) (end -2 31.62) (layer F.SilkS) (width 0.12))
    (fp_line (start -2 -18.92) (end 17.24 -18.92) (layer F.SilkS) (width 0.12))
    (pad 12 thru_hole circle (at 15.24 0 90) (size 1.5 1.5) (drill 1) (layers *.Cu *.Mask)
      (net 3 "/TM1638 Module/GRID1"))
    (pad 11 thru_hole circle (at 15.24 2.54 90) (size 1.5 1.5) (drill 1) (layers *.Cu *.Mask)
      (net 175 "Net-(R35-Pad1)"))
    (pad 10 thru_hole circle (at 15.24 5.08 90) (size 1.5 1.5) (drill 1) (layers *.Cu *.Mask)
      (net 180 "Net-(R40-Pad1)"))
    (pad 9 thru_hole circle (at 15.24 7.62 90) (size 1.5 1.5) (drill 1) (layers *.Cu *.Mask)
      (net 5 "/TM1638 Module/GRID2"))
    (pad 8 thru_hole circle (at 15.24 10.16 90) (size 1.5 1.5) (drill 1) (layers *.Cu *.Mask)
      (net 6 "/TM1638 Module/GRID3"))
    (pad 7 thru_hole circle (at 15.24 12.7 90) (size 1.5 1.5) (drill 1) (layers *.Cu *.Mask)
      (net 176 "Net-(R36-Pad1)"))
    (pad 6 thru_hole circle (at 0 12.7 90) (size 1.5 1.5) (drill 1) (layers *.Cu *.Mask)
      (net 7 "/TM1638 Module/GRID4"))
    (pad 5 thru_hole circle (at 0 10.16 90) (size 1.5 1.5) (drill 1) (layers *.Cu *.Mask)
      (net 181 "Net-(R41-Pad1)"))
    (pad 4 thru_hole circle (at 0 7.62 90) (size 1.5 1.5) (drill 1) (layers *.Cu *.Mask)
      (net 177 "Net-(R37-Pad1)"))
    (pad 3 thru_hole circle (at 0 5.08 90) (size 1.5 1.5) (drill 1) (layers *.Cu *.Mask)
      (net 182 "Net-(R42-Pad1)"))
    (pad 2 thru_hole circle (at 0 2.54 90) (size 1.5 1.5) (drill 1) (layers *.Cu *.Mask)
      (net 178 "Net-(R38-Pad1)"))
    (pad 1 thru_hole rect (at 0 0 90) (size 1.5 1.5) (drill 1) (layers *.Cu *.Mask)
      (net 179 "Net-(R39-Pad1)"))
    (model ${KISYS3DMOD}/Display_7Segment.3dshapes/CA56-12EWA.wrl
      (at (xyz 0 0 0))
      (scale (xyz 1 1 1))
      (rotate (xyz 0 0 0))
    )
  )

  (module Display_7Segment:CA56-12EWA (layer F.Cu) (tedit 5A02FE84) (tstamp 5C8841D1)
    (at 105.41 172.72 90)
    (descr "4 digit 7 segment green LED, http://www.kingbrightusa.com/images/catalog/SPEC/CA56-12EWA.pdf")
    (tags "4 digit 7 segment green LED")
    (path /5C6557AC/5C651F7C)
    (fp_text reference U10 (at -0.4 -20.31 90) (layer F.SilkS)
      (effects (font (size 1 1) (thickness 0.15)))
    )
    (fp_text value CA56-12EWA (at 2.37 33.21 90) (layer F.Fab)
      (effects (font (size 1 1) (thickness 0.15)))
    )
    (fp_line (start -2 -18.92) (end 17.24 -18.92) (layer F.SilkS) (width 0.12))
    (fp_line (start -2 -18.92) (end -2 31.62) (layer F.SilkS) (width 0.12))
    (fp_line (start -2 31.62) (end 17.24 31.62) (layer F.SilkS) (width 0.12))
    (fp_line (start 17.24 31.62) (end 17.24 -18.92) (layer F.SilkS) (width 0.12))
    (fp_line (start -1.88 1) (end -0.88 0) (layer F.Fab) (width 0.1))
    (fp_line (start -0.88 0) (end -1.88 -1) (layer F.Fab) (width 0.1))
    (fp_line (start -1.88 -1) (end -1.88 -18.8) (layer F.Fab) (width 0.1))
    (fp_line (start -2.13 -19.05) (end 17.37 -19.05) (layer F.CrtYd) (width 0.05))
    (fp_line (start 17.37 -19.05) (end 17.37 31.75) (layer F.CrtYd) (width 0.05))
    (fp_line (start 17.37 31.75) (end -2.13 31.75) (layer F.CrtYd) (width 0.05))
    (fp_line (start -2.13 31.75) (end -2.13 -19.05) (layer F.CrtYd) (width 0.05))
    (fp_line (start -2.38 -1) (end -2.38 1) (layer F.SilkS) (width 0.12))
    (fp_line (start -1.88 -18.8) (end 17.12 -18.8) (layer F.Fab) (width 0.1))
    (fp_line (start 17.12 -18.8) (end 17.12 31.5) (layer F.Fab) (width 0.1))
    (fp_line (start -1.88 31.5) (end 17.12 31.5) (layer F.Fab) (width 0.1))
    (fp_line (start -1.88 1) (end -1.88 31.5) (layer F.Fab) (width 0.1))
    (fp_text user %R (at 8.128 6.604 90) (layer F.Fab)
      (effects (font (size 1 1) (thickness 0.15)))
    )
    (pad 1 thru_hole rect (at 0 0 90) (size 1.5 1.5) (drill 1) (layers *.Cu *.Mask)
      (net 187 "Net-(R73-Pad1)"))
    (pad 2 thru_hole circle (at 0 2.54 90) (size 1.5 1.5) (drill 1) (layers *.Cu *.Mask)
      (net 186 "Net-(R72-Pad1)"))
    (pad 3 thru_hole circle (at 0 5.08 90) (size 1.5 1.5) (drill 1) (layers *.Cu *.Mask)
      (net 190 "Net-(R76-Pad1)"))
    (pad 4 thru_hole circle (at 0 7.62 90) (size 1.5 1.5) (drill 1) (layers *.Cu *.Mask)
      (net 185 "Net-(R71-Pad1)"))
    (pad 5 thru_hole circle (at 0 10.16 90) (size 1.5 1.5) (drill 1) (layers *.Cu *.Mask)
      (net 189 "Net-(R75-Pad1)"))
    (pad 6 thru_hole circle (at 0 12.7 90) (size 1.5 1.5) (drill 1) (layers *.Cu *.Mask)
      (net 15 /sheet5C6557AC/GRID4))
    (pad 7 thru_hole circle (at 15.24 12.7 90) (size 1.5 1.5) (drill 1) (layers *.Cu *.Mask)
      (net 184 "Net-(R70-Pad1)"))
    (pad 8 thru_hole circle (at 15.24 10.16 90) (size 1.5 1.5) (drill 1) (layers *.Cu *.Mask)
      (net 14 /sheet5C6557AC/GRID3))
    (pad 9 thru_hole circle (at 15.24 7.62 90) (size 1.5 1.5) (drill 1) (layers *.Cu *.Mask)
      (net 13 /sheet5C6557AC/GRID2))
    (pad 10 thru_hole circle (at 15.24 5.08 90) (size 1.5 1.5) (drill 1) (layers *.Cu *.Mask)
      (net 188 "Net-(R74-Pad1)"))
    (pad 11 thru_hole circle (at 15.24 2.54 90) (size 1.5 1.5) (drill 1) (layers *.Cu *.Mask)
      (net 183 "Net-(R69-Pad1)"))
    (pad 12 thru_hole circle (at 15.24 0 90) (size 1.5 1.5) (drill 1) (layers *.Cu *.Mask)
      (net 12 /sheet5C6557AC/GRID1))
    (model ${KISYS3DMOD}/Display_7Segment.3dshapes/CA56-12EWA.wrl
      (at (xyz 0 0 0))
      (scale (xyz 1 1 1))
      (rotate (xyz 0 0 0))
    )
  )

  (module LED_THT:LED_D3.0mm (layer F.Cu) (tedit 587A3A7B) (tstamp 5C72C078)
    (at 60.96 262.89)
    (descr "LED, diameter 3.0mm, 2 pins")
    (tags "LED diameter 3.0mm 2 pins")
    (path /5C65184E/5C65190B)
    (fp_text reference D6 (at 1.27 -2.96) (layer F.SilkS)
      (effects (font (size 1 1) (thickness 0.15)))
    )
    (fp_text value LED (at 1.27 2.96) (layer F.Fab)
      (effects (font (size 1 1) (thickness 0.15)))
    )
    (fp_arc (start 1.27 0) (end -0.23 -1.16619) (angle 284.3) (layer F.Fab) (width 0.1))
    (fp_arc (start 1.27 0) (end -0.29 -1.235516) (angle 108.8) (layer F.SilkS) (width 0.12))
    (fp_arc (start 1.27 0) (end -0.29 1.235516) (angle -108.8) (layer F.SilkS) (width 0.12))
    (fp_arc (start 1.27 0) (end 0.229039 -1.08) (angle 87.9) (layer F.SilkS) (width 0.12))
    (fp_arc (start 1.27 0) (end 0.229039 1.08) (angle -87.9) (layer F.SilkS) (width 0.12))
    (fp_circle (center 1.27 0) (end 2.77 0) (layer F.Fab) (width 0.1))
    (fp_line (start -0.23 -1.16619) (end -0.23 1.16619) (layer F.Fab) (width 0.1))
    (fp_line (start -0.29 -1.236) (end -0.29 -1.08) (layer F.SilkS) (width 0.12))
    (fp_line (start -0.29 1.08) (end -0.29 1.236) (layer F.SilkS) (width 0.12))
    (fp_line (start -1.15 -2.25) (end -1.15 2.25) (layer F.CrtYd) (width 0.05))
    (fp_line (start -1.15 2.25) (end 3.7 2.25) (layer F.CrtYd) (width 0.05))
    (fp_line (start 3.7 2.25) (end 3.7 -2.25) (layer F.CrtYd) (width 0.05))
    (fp_line (start 3.7 -2.25) (end -1.15 -2.25) (layer F.CrtYd) (width 0.05))
    (pad 1 thru_hole rect (at 0 0) (size 1.8 1.8) (drill 0.9) (layers *.Cu *.Mask)
      (net 3 "/TM1638 Module/GRID1"))
    (pad 2 thru_hole circle (at 2.54 0) (size 1.8 1.8) (drill 0.9) (layers *.Cu *.Mask)
      (net 120 "Net-(D10-Pad2)"))
    (model ${KISYS3DMOD}/LED_THT.3dshapes/LED_D3.0mm.wrl
      (at (xyz 0 0 0))
      (scale (xyz 1 1 1))
      (rotate (xyz 0 0 0))
    )
  )

  (module LED_THT:LED_D3.0mm (layer F.Cu) (tedit 587A3A7B) (tstamp 5C72C08A)
    (at 67.31 262.89)
    (descr "LED, diameter 3.0mm, 2 pins")
    (tags "LED diameter 3.0mm 2 pins")
    (path /5C65184E/5C651998)
    (fp_text reference D7 (at 1.27 -2.96) (layer F.SilkS)
      (effects (font (size 1 1) (thickness 0.15)))
    )
    (fp_text value LED (at 1.27 2.96) (layer F.Fab)
      (effects (font (size 1 1) (thickness 0.15)))
    )
    (fp_line (start 3.7 -2.25) (end -1.15 -2.25) (layer F.CrtYd) (width 0.05))
    (fp_line (start 3.7 2.25) (end 3.7 -2.25) (layer F.CrtYd) (width 0.05))
    (fp_line (start -1.15 2.25) (end 3.7 2.25) (layer F.CrtYd) (width 0.05))
    (fp_line (start -1.15 -2.25) (end -1.15 2.25) (layer F.CrtYd) (width 0.05))
    (fp_line (start -0.29 1.08) (end -0.29 1.236) (layer F.SilkS) (width 0.12))
    (fp_line (start -0.29 -1.236) (end -0.29 -1.08) (layer F.SilkS) (width 0.12))
    (fp_line (start -0.23 -1.16619) (end -0.23 1.16619) (layer F.Fab) (width 0.1))
    (fp_circle (center 1.27 0) (end 2.77 0) (layer F.Fab) (width 0.1))
    (fp_arc (start 1.27 0) (end 0.229039 1.08) (angle -87.9) (layer F.SilkS) (width 0.12))
    (fp_arc (start 1.27 0) (end 0.229039 -1.08) (angle 87.9) (layer F.SilkS) (width 0.12))
    (fp_arc (start 1.27 0) (end -0.29 1.235516) (angle -108.8) (layer F.SilkS) (width 0.12))
    (fp_arc (start 1.27 0) (end -0.29 -1.235516) (angle 108.8) (layer F.SilkS) (width 0.12))
    (fp_arc (start 1.27 0) (end -0.23 -1.16619) (angle 284.3) (layer F.Fab) (width 0.1))
    (pad 2 thru_hole circle (at 2.54 0) (size 1.8 1.8) (drill 0.9) (layers *.Cu *.Mask)
      (net 120 "Net-(D10-Pad2)"))
    (pad 1 thru_hole rect (at 0 0) (size 1.8 1.8) (drill 0.9) (layers *.Cu *.Mask)
      (net 5 "/TM1638 Module/GRID2"))
    (model ${KISYS3DMOD}/LED_THT.3dshapes/LED_D3.0mm.wrl
      (at (xyz 0 0 0))
      (scale (xyz 1 1 1))
      (rotate (xyz 0 0 0))
    )
  )

  (module LED_THT:LED_D3.0mm (layer F.Cu) (tedit 587A3A7B) (tstamp 5C72C09C)
    (at 48.26 262.89)
    (descr "LED, diameter 3.0mm, 2 pins")
    (tags "LED diameter 3.0mm 2 pins")
    (path /5C65184E/5C651AE4)
    (fp_text reference D8 (at 1.27 -2.96) (layer F.SilkS)
      (effects (font (size 1 1) (thickness 0.15)))
    )
    (fp_text value LED (at 1.27 2.96) (layer F.Fab)
      (effects (font (size 1 1) (thickness 0.15)))
    )
    (fp_arc (start 1.27 0) (end -0.23 -1.16619) (angle 284.3) (layer F.Fab) (width 0.1))
    (fp_arc (start 1.27 0) (end -0.29 -1.235516) (angle 108.8) (layer F.SilkS) (width 0.12))
    (fp_arc (start 1.27 0) (end -0.29 1.235516) (angle -108.8) (layer F.SilkS) (width 0.12))
    (fp_arc (start 1.27 0) (end 0.229039 -1.08) (angle 87.9) (layer F.SilkS) (width 0.12))
    (fp_arc (start 1.27 0) (end 0.229039 1.08) (angle -87.9) (layer F.SilkS) (width 0.12))
    (fp_circle (center 1.27 0) (end 2.77 0) (layer F.Fab) (width 0.1))
    (fp_line (start -0.23 -1.16619) (end -0.23 1.16619) (layer F.Fab) (width 0.1))
    (fp_line (start -0.29 -1.236) (end -0.29 -1.08) (layer F.SilkS) (width 0.12))
    (fp_line (start -0.29 1.08) (end -0.29 1.236) (layer F.SilkS) (width 0.12))
    (fp_line (start -1.15 -2.25) (end -1.15 2.25) (layer F.CrtYd) (width 0.05))
    (fp_line (start -1.15 2.25) (end 3.7 2.25) (layer F.CrtYd) (width 0.05))
    (fp_line (start 3.7 2.25) (end 3.7 -2.25) (layer F.CrtYd) (width 0.05))
    (fp_line (start 3.7 -2.25) (end -1.15 -2.25) (layer F.CrtYd) (width 0.05))
    (pad 1 thru_hole rect (at 0 0) (size 1.8 1.8) (drill 0.9) (layers *.Cu *.Mask)
      (net 6 "/TM1638 Module/GRID3"))
    (pad 2 thru_hole circle (at 2.54 0) (size 1.8 1.8) (drill 0.9) (layers *.Cu *.Mask)
      (net 120 "Net-(D10-Pad2)"))
    (model ${KISYS3DMOD}/LED_THT.3dshapes/LED_D3.0mm.wrl
      (at (xyz 0 0 0))
      (scale (xyz 1 1 1))
      (rotate (xyz 0 0 0))
    )
  )

  (module LED_THT:LED_D3.0mm (layer F.Cu) (tedit 587A3A7B) (tstamp 5C745E20)
    (at 88.9 152.4)
    (descr "LED, diameter 3.0mm, 2 pins")
    (tags "LED diameter 3.0mm 2 pins")
    (path /5C6557AC/5C65190B)
    (fp_text reference D46 (at 1.27 -2.96) (layer F.SilkS)
      (effects (font (size 1 1) (thickness 0.15)))
    )
    (fp_text value LED (at 1.27 2.96) (layer F.Fab)
      (effects (font (size 1 1) (thickness 0.15)))
    )
    (fp_arc (start 1.27 0) (end -0.23 -1.16619) (angle 284.3) (layer F.Fab) (width 0.1))
    (fp_arc (start 1.27 0) (end -0.29 -1.235516) (angle 108.8) (layer F.SilkS) (width 0.12))
    (fp_arc (start 1.27 0) (end -0.29 1.235516) (angle -108.8) (layer F.SilkS) (width 0.12))
    (fp_arc (start 1.27 0) (end 0.229039 -1.08) (angle 87.9) (layer F.SilkS) (width 0.12))
    (fp_arc (start 1.27 0) (end 0.229039 1.08) (angle -87.9) (layer F.SilkS) (width 0.12))
    (fp_circle (center 1.27 0) (end 2.77 0) (layer F.Fab) (width 0.1))
    (fp_line (start -0.23 -1.16619) (end -0.23 1.16619) (layer F.Fab) (width 0.1))
    (fp_line (start -0.29 -1.236) (end -0.29 -1.08) (layer F.SilkS) (width 0.12))
    (fp_line (start -0.29 1.08) (end -0.29 1.236) (layer F.SilkS) (width 0.12))
    (fp_line (start -1.15 -2.25) (end -1.15 2.25) (layer F.CrtYd) (width 0.05))
    (fp_line (start -1.15 2.25) (end 3.7 2.25) (layer F.CrtYd) (width 0.05))
    (fp_line (start 3.7 2.25) (end 3.7 -2.25) (layer F.CrtYd) (width 0.05))
    (fp_line (start 3.7 -2.25) (end -1.15 -2.25) (layer F.CrtYd) (width 0.05))
    (pad 1 thru_hole rect (at 0 0) (size 1.8 1.8) (drill 0.9) (layers *.Cu *.Mask)
      (net 12 /sheet5C6557AC/GRID1))
    (pad 2 thru_hole circle (at 2.54 0) (size 1.8 1.8) (drill 0.9) (layers *.Cu *.Mask)
      (net 131 "Net-(D46-Pad2)"))
    (model ${KISYS3DMOD}/LED_THT.3dshapes/LED_D3.0mm.wrl
      (at (xyz 0 0 0))
      (scale (xyz 1 1 1))
      (rotate (xyz 0 0 0))
    )
  )

  (module LED_THT:LED_D3.0mm (layer F.Cu) (tedit 587A3A7B) (tstamp 5C745DEA)
    (at 104.14 152.4)
    (descr "LED, diameter 3.0mm, 2 pins")
    (tags "LED diameter 3.0mm 2 pins")
    (path /5C6557AC/5C651998)
    (fp_text reference D47 (at 1.27 -2.96) (layer F.SilkS)
      (effects (font (size 1 1) (thickness 0.15)))
    )
    (fp_text value LED (at 1.27 2.96) (layer F.Fab)
      (effects (font (size 1 1) (thickness 0.15)))
    )
    (fp_arc (start 1.27 0) (end -0.23 -1.16619) (angle 284.3) (layer F.Fab) (width 0.1))
    (fp_arc (start 1.27 0) (end -0.29 -1.235516) (angle 108.8) (layer F.SilkS) (width 0.12))
    (fp_arc (start 1.27 0) (end -0.29 1.235516) (angle -108.8) (layer F.SilkS) (width 0.12))
    (fp_arc (start 1.27 0) (end 0.229039 -1.08) (angle 87.9) (layer F.SilkS) (width 0.12))
    (fp_arc (start 1.27 0) (end 0.229039 1.08) (angle -87.9) (layer F.SilkS) (width 0.12))
    (fp_circle (center 1.27 0) (end 2.77 0) (layer F.Fab) (width 0.1))
    (fp_line (start -0.23 -1.16619) (end -0.23 1.16619) (layer F.Fab) (width 0.1))
    (fp_line (start -0.29 -1.236) (end -0.29 -1.08) (layer F.SilkS) (width 0.12))
    (fp_line (start -0.29 1.08) (end -0.29 1.236) (layer F.SilkS) (width 0.12))
    (fp_line (start -1.15 -2.25) (end -1.15 2.25) (layer F.CrtYd) (width 0.05))
    (fp_line (start -1.15 2.25) (end 3.7 2.25) (layer F.CrtYd) (width 0.05))
    (fp_line (start 3.7 2.25) (end 3.7 -2.25) (layer F.CrtYd) (width 0.05))
    (fp_line (start 3.7 -2.25) (end -1.15 -2.25) (layer F.CrtYd) (width 0.05))
    (pad 1 thru_hole rect (at 0 0) (size 1.8 1.8) (drill 0.9) (layers *.Cu *.Mask)
      (net 13 /sheet5C6557AC/GRID2))
    (pad 2 thru_hole circle (at 2.54 0) (size 1.8 1.8) (drill 0.9) (layers *.Cu *.Mask)
      (net 131 "Net-(D46-Pad2)"))
    (model ${KISYS3DMOD}/LED_THT.3dshapes/LED_D3.0mm.wrl
      (at (xyz 0 0 0))
      (scale (xyz 1 1 1))
      (rotate (xyz 0 0 0))
    )
  )

  (module LED_THT:LED_D3.0mm (layer F.Cu) (tedit 587A3A7B) (tstamp 5C746114)
    (at 116.84 152.4)
    (descr "LED, diameter 3.0mm, 2 pins")
    (tags "LED diameter 3.0mm 2 pins")
    (path /5C6557AC/5C651AE4)
    (fp_text reference D48 (at 1.27 -2.96) (layer F.SilkS)
      (effects (font (size 1 1) (thickness 0.15)))
    )
    (fp_text value LED (at 1.27 2.96) (layer F.Fab)
      (effects (font (size 1 1) (thickness 0.15)))
    )
    (fp_line (start 3.7 -2.25) (end -1.15 -2.25) (layer F.CrtYd) (width 0.05))
    (fp_line (start 3.7 2.25) (end 3.7 -2.25) (layer F.CrtYd) (width 0.05))
    (fp_line (start -1.15 2.25) (end 3.7 2.25) (layer F.CrtYd) (width 0.05))
    (fp_line (start -1.15 -2.25) (end -1.15 2.25) (layer F.CrtYd) (width 0.05))
    (fp_line (start -0.29 1.08) (end -0.29 1.236) (layer F.SilkS) (width 0.12))
    (fp_line (start -0.29 -1.236) (end -0.29 -1.08) (layer F.SilkS) (width 0.12))
    (fp_line (start -0.23 -1.16619) (end -0.23 1.16619) (layer F.Fab) (width 0.1))
    (fp_circle (center 1.27 0) (end 2.77 0) (layer F.Fab) (width 0.1))
    (fp_arc (start 1.27 0) (end 0.229039 1.08) (angle -87.9) (layer F.SilkS) (width 0.12))
    (fp_arc (start 1.27 0) (end 0.229039 -1.08) (angle 87.9) (layer F.SilkS) (width 0.12))
    (fp_arc (start 1.27 0) (end -0.29 1.235516) (angle -108.8) (layer F.SilkS) (width 0.12))
    (fp_arc (start 1.27 0) (end -0.29 -1.235516) (angle 108.8) (layer F.SilkS) (width 0.12))
    (fp_arc (start 1.27 0) (end -0.23 -1.16619) (angle 284.3) (layer F.Fab) (width 0.1))
    (pad 2 thru_hole circle (at 2.54 0) (size 1.8 1.8) (drill 0.9) (layers *.Cu *.Mask)
      (net 131 "Net-(D46-Pad2)"))
    (pad 1 thru_hole rect (at 0 0) (size 1.8 1.8) (drill 0.9) (layers *.Cu *.Mask)
      (net 14 /sheet5C6557AC/GRID3))
    (model ${KISYS3DMOD}/LED_THT.3dshapes/LED_D3.0mm.wrl
      (at (xyz 0 0 0))
      (scale (xyz 1 1 1))
      (rotate (xyz 0 0 0))
    )
  )

  (module LED_THT:LED_D3.0mm (layer F.Cu) (tedit 587A3A7B) (tstamp 5C745FD0)
    (at 194.31 152.4)
    (descr "LED, diameter 3.0mm, 2 pins")
    (tags "LED diameter 3.0mm 2 pins")
    (path /5C6559D3/5C65190B)
    (fp_text reference D86 (at 1.27 -2.96) (layer F.SilkS)
      (effects (font (size 1 1) (thickness 0.15)))
    )
    (fp_text value LED (at 1.27 2.96) (layer F.Fab)
      (effects (font (size 1 1) (thickness 0.15)))
    )
    (fp_line (start 3.7 -2.25) (end -1.15 -2.25) (layer F.CrtYd) (width 0.05))
    (fp_line (start 3.7 2.25) (end 3.7 -2.25) (layer F.CrtYd) (width 0.05))
    (fp_line (start -1.15 2.25) (end 3.7 2.25) (layer F.CrtYd) (width 0.05))
    (fp_line (start -1.15 -2.25) (end -1.15 2.25) (layer F.CrtYd) (width 0.05))
    (fp_line (start -0.29 1.08) (end -0.29 1.236) (layer F.SilkS) (width 0.12))
    (fp_line (start -0.29 -1.236) (end -0.29 -1.08) (layer F.SilkS) (width 0.12))
    (fp_line (start -0.23 -1.16619) (end -0.23 1.16619) (layer F.Fab) (width 0.1))
    (fp_circle (center 1.27 0) (end 2.77 0) (layer F.Fab) (width 0.1))
    (fp_arc (start 1.27 0) (end 0.229039 1.08) (angle -87.9) (layer F.SilkS) (width 0.12))
    (fp_arc (start 1.27 0) (end 0.229039 -1.08) (angle 87.9) (layer F.SilkS) (width 0.12))
    (fp_arc (start 1.27 0) (end -0.29 1.235516) (angle -108.8) (layer F.SilkS) (width 0.12))
    (fp_arc (start 1.27 0) (end -0.29 -1.235516) (angle 108.8) (layer F.SilkS) (width 0.12))
    (fp_arc (start 1.27 0) (end -0.23 -1.16619) (angle 284.3) (layer F.Fab) (width 0.1))
    (pad 2 thru_hole circle (at 2.54 0) (size 1.8 1.8) (drill 0.9) (layers *.Cu *.Mask)
      (net 142 "Net-(D86-Pad2)"))
    (pad 1 thru_hole rect (at 0 0) (size 1.8 1.8) (drill 0.9) (layers *.Cu *.Mask)
      (net 20 /sheet5C6559D3/GRID1))
    (model ${KISYS3DMOD}/LED_THT.3dshapes/LED_D3.0mm.wrl
      (at (xyz 0 0 0))
      (scale (xyz 1 1 1))
      (rotate (xyz 0 0 0))
    )
  )

  (module LED_THT:LED_D3.0mm (layer F.Cu) (tedit 587A3A7B) (tstamp 5C745F9A)
    (at 204.47 153.67)
    (descr "LED, diameter 3.0mm, 2 pins")
    (tags "LED diameter 3.0mm 2 pins")
    (path /5C6559D3/5C651998)
    (fp_text reference D87 (at 1.27 -2.96) (layer F.SilkS)
      (effects (font (size 1 1) (thickness 0.15)))
    )
    (fp_text value LED (at 1.27 2.96) (layer F.Fab)
      (effects (font (size 1 1) (thickness 0.15)))
    )
    (fp_arc (start 1.27 0) (end -0.23 -1.16619) (angle 284.3) (layer F.Fab) (width 0.1))
    (fp_arc (start 1.27 0) (end -0.29 -1.235516) (angle 108.8) (layer F.SilkS) (width 0.12))
    (fp_arc (start 1.27 0) (end -0.29 1.235516) (angle -108.8) (layer F.SilkS) (width 0.12))
    (fp_arc (start 1.27 0) (end 0.229039 -1.08) (angle 87.9) (layer F.SilkS) (width 0.12))
    (fp_arc (start 1.27 0) (end 0.229039 1.08) (angle -87.9) (layer F.SilkS) (width 0.12))
    (fp_circle (center 1.27 0) (end 2.77 0) (layer F.Fab) (width 0.1))
    (fp_line (start -0.23 -1.16619) (end -0.23 1.16619) (layer F.Fab) (width 0.1))
    (fp_line (start -0.29 -1.236) (end -0.29 -1.08) (layer F.SilkS) (width 0.12))
    (fp_line (start -0.29 1.08) (end -0.29 1.236) (layer F.SilkS) (width 0.12))
    (fp_line (start -1.15 -2.25) (end -1.15 2.25) (layer F.CrtYd) (width 0.05))
    (fp_line (start -1.15 2.25) (end 3.7 2.25) (layer F.CrtYd) (width 0.05))
    (fp_line (start 3.7 2.25) (end 3.7 -2.25) (layer F.CrtYd) (width 0.05))
    (fp_line (start 3.7 -2.25) (end -1.15 -2.25) (layer F.CrtYd) (width 0.05))
    (pad 1 thru_hole rect (at 0 0) (size 1.8 1.8) (drill 0.9) (layers *.Cu *.Mask)
      (net 21 /sheet5C6559D3/GRID2))
    (pad 2 thru_hole circle (at 2.54 0) (size 1.8 1.8) (drill 0.9) (layers *.Cu *.Mask)
      (net 142 "Net-(D86-Pad2)"))
    (model ${KISYS3DMOD}/LED_THT.3dshapes/LED_D3.0mm.wrl
      (at (xyz 0 0 0))
      (scale (xyz 1 1 1))
      (rotate (xyz 0 0 0))
    )
  )

  (module LED_THT:LED_D3.0mm (layer F.Cu) (tedit 587A3A7B) (tstamp 5C745F64)
    (at 217.17 153.67)
    (descr "LED, diameter 3.0mm, 2 pins")
    (tags "LED diameter 3.0mm 2 pins")
    (path /5C6559D3/5C651AE4)
    (fp_text reference D88 (at 1.27 -2.96) (layer F.SilkS)
      (effects (font (size 1 1) (thickness 0.15)))
    )
    (fp_text value LED (at 1.27 2.96) (layer F.Fab)
      (effects (font (size 1 1) (thickness 0.15)))
    )
    (fp_line (start 3.7 -2.25) (end -1.15 -2.25) (layer F.CrtYd) (width 0.05))
    (fp_line (start 3.7 2.25) (end 3.7 -2.25) (layer F.CrtYd) (width 0.05))
    (fp_line (start -1.15 2.25) (end 3.7 2.25) (layer F.CrtYd) (width 0.05))
    (fp_line (start -1.15 -2.25) (end -1.15 2.25) (layer F.CrtYd) (width 0.05))
    (fp_line (start -0.29 1.08) (end -0.29 1.236) (layer F.SilkS) (width 0.12))
    (fp_line (start -0.29 -1.236) (end -0.29 -1.08) (layer F.SilkS) (width 0.12))
    (fp_line (start -0.23 -1.16619) (end -0.23 1.16619) (layer F.Fab) (width 0.1))
    (fp_circle (center 1.27 0) (end 2.77 0) (layer F.Fab) (width 0.1))
    (fp_arc (start 1.27 0) (end 0.229039 1.08) (angle -87.9) (layer F.SilkS) (width 0.12))
    (fp_arc (start 1.27 0) (end 0.229039 -1.08) (angle 87.9) (layer F.SilkS) (width 0.12))
    (fp_arc (start 1.27 0) (end -0.29 1.235516) (angle -108.8) (layer F.SilkS) (width 0.12))
    (fp_arc (start 1.27 0) (end -0.29 -1.235516) (angle 108.8) (layer F.SilkS) (width 0.12))
    (fp_arc (start 1.27 0) (end -0.23 -1.16619) (angle 284.3) (layer F.Fab) (width 0.1))
    (pad 2 thru_hole circle (at 2.54 0) (size 1.8 1.8) (drill 0.9) (layers *.Cu *.Mask)
      (net 142 "Net-(D86-Pad2)"))
    (pad 1 thru_hole rect (at 0 0) (size 1.8 1.8) (drill 0.9) (layers *.Cu *.Mask)
      (net 22 /sheet5C6559D3/GRID3))
    (model ${KISYS3DMOD}/LED_THT.3dshapes/LED_D3.0mm.wrl
      (at (xyz 0 0 0))
      (scale (xyz 1 1 1))
      (rotate (xyz 0 0 0))
    )
  )

  (module LED_THT:LED_D3.0mm (layer F.Cu) (tedit 587A3A7B) (tstamp 5C972AE7)
    (at 300.99 266.7)
    (descr "LED, diameter 3.0mm, 2 pins")
    (tags "LED diameter 3.0mm 2 pins")
    (path /5C65184E/5C651D22)
    (fp_text reference D13 (at 1.27 -2.96) (layer F.SilkS)
      (effects (font (size 1 1) (thickness 0.15)))
    )
    (fp_text value LED (at 1.27 2.96) (layer F.Fab)
      (effects (font (size 1 1) (thickness 0.15)))
    )
    (fp_arc (start 1.27 0) (end -0.23 -1.16619) (angle 284.3) (layer F.Fab) (width 0.1))
    (fp_arc (start 1.27 0) (end -0.29 -1.235516) (angle 108.8) (layer F.SilkS) (width 0.12))
    (fp_arc (start 1.27 0) (end -0.29 1.235516) (angle -108.8) (layer F.SilkS) (width 0.12))
